@Right hand swipe left
-0.783552949387818
-1.48398757058846
-0.811063552702835
-1.25381137174294
-0.765584482992435
-0.749431489905025
0.676514811136404
-0.599077055196858
0.737494282473082
-0.902503396354065
0.780118117752627
-0.936412941601794
~
-0.783514107072069
-1.48482940365549
-0.811190687847177
-1.25433756614009
-0.76591045046203
-0.749303833775382
0.676307359103357
-0.599556971004909
0.740142011019424
-0.896694914822868
0.781447543902814
-0.93379382833864
~
-0.78346344244337
-1.48520861222741
-0.811581464036212
-1.25485978533618
-0.766531465453922
-0.749627863999725
0.676578975671789
-0.599629041458063
0.742417390787902
-0.898537565397194
0.784732714185761
-0.933537993613508
~
-0.782720660555576
-1.48476320849054
-0.810575511919929
-1.25437857083714
-0.76634602314557
-0.749653823152264
0.677075499925368
-0.599327216077948
0.744823062020319
-0.899868687782637
0.78805719640675
-0.932417992882735
~
-0.781161402883712
-1.4846901982634
-0.808555034218954
-1.25399076378486
-0.76628591547845
-0.748708282030918
0.677602851866574
-0.599213815749993
0.746762519204817
-0.900436954093073
0.79297540348745
-0.929654385191824
~
-0.780740998032845
-1.4816241621806
-0.809067200190049
-1.25011094294326
-0.76615835612066
-0.748750623572588
0.678145626345376
-0.599813026101089
0.749156578474515
-0.897609066250953
0.7954405447872
-0.926424384647808
~
-0.780598374895404
-1.48061808097951
-0.809513674673501
-1.24867537331148
-0.765966626154271
-0.748397736713896
0.678626384663136
-0.598632649407091
0.750113370812606
-0.897482805707772
0.799084313582592
-0.922710433033802
~
-0.779174139247204
-1.47892905927494
-0.808255925333892
-1.24743622781492
-0.765091424936
-0.747447047909513
0.678864337386218
-0.595211523097053
0.752339841847282
-0.890787943370903
0.800621593644139
-0.911087524431632
~
-0.777370508304524
-1.4744442948677
-0.806493498575553
-1.24440492178697
-0.76369351384322
-0.744966846017863
0.675877042893692
-0.585312019136586
0.730489890754403
-0.843387775853951
0.791622310536149
-0.866470657019528
~
-0.773992694006308
-1.46344685639716
-0.802190816602702
-1.23648135885047
-0.758128831678118
-0.740278454617214
0.667717873343467
-0.564881746610867
0.68090803331577
-0.820997483748547
0.713011448585051
-0.724141710424683
~
-0.771776298183273
-1.45651715544206
-0.799098733572088
-1.23384717199191
-0.753928821020303
-0.739119109629174
0.72478902248129
-0.507219735476136
0.574649054617861
-0.780783568465151
0.534525666075891
-0.640321363942513
~
-0.768102904494753
-1.45976726345307
-0.794800066858623
-1.23939274654804
-0.748671085352982
-0.74292067807196
0.710171223797548
-0.634867344188065
0.463157445770608
-0.745267876724576
0.382132165869114
-0.633922954188259
~
-0.774229172356025
-1.47303703210486
-0.79841076115339
-1.25430840882439
-0.745153320261426
-0.752854252125885
0.648950864982798
-0.624046051652424
0.329525153029717
-0.631122588875201
0.232735169042101
-0.557168946336428
~
-0.769277247837521
-1.4782207763492
-0.788938761303878
-1.25895807343394
-0.729586217335007
-0.756185918263797
0.605389443553442
-0.566726308324855
0.25090886292608
-0.605047523652752
0.181106063662481
-0.516981393800596
~
-0.779711043451097
-1.50382868156289
-0.796812462073885
-1.28636896717054
-0.725830986461223
-0.774165919881443
0.574473742983322
-0.562211847743871
0.179419715489495
-0.576817604355807
-0.0023837694500433
-0.490765985131593
~
-0.782604789075145
-1.55048110385254
-0.791069603891124
-1.3271265765088
-0.713057347624141
-0.802286814174376
0.537852349101552
-0.548099327259689
0.0646415606766987
-0.503297975866428
-0.0814622635962144
-0.428100959196572
~
-0.843058338405324
-1.69232964414668
-0.843673600250272
-1.44764211567501
-0.751200308870318
-0.838333638917665
0.406776500523092
-0.557741540396494
-0.133922019650302
-0.548212797475261
-0.353088449199116
-0.450204400207439
~
-0.887851009067999
-1.83399808055385
-0.887864595847316
-1.56715164450242
-0.776392701053907
-0.88843578927547
0.23639861057534
-0.553518935637414
-0.36549160118891
-0.580817048457123
-0.61571074574008
-0.475025890609665
~
-0.856140741396496
-1.86710302572844
-0.856569496496753
-1.59926554324811
-0.742163413424295
-0.910524016937919
0.143822937134945
-0.54208760120387
-0.494555309775682
-0.563234340777813
-0.752755708077681
-0.464900291743502
~
-0.840759202227353
-1.91242997034222
-0.840284159775957
-1.64070680526487
-0.721734097657399
-0.954593523782491
-0.00656534733988284
-0.554659060885545
-0.680982051661782
-0.541996732528659
-0.765129571367995
-0.481860534087026
~
-0.829500279553715
-1.95479962399071
-0.828524703472471
-1.67856828773274
-0.705996382005351
-0.969974986570528
-0.11807614655823
-0.539392768433695
-0.809128602724068
-0.589398566528438
-0.9443058656842
-0.534717467846201
~
-0.832709737725574
-2.00451508921076
-0.829048133160561
-1.72070970299994
-0.701814648614639
-0.992712972733725
-0.189829686752249
-0.562432893832826
-0.91513826801038
-0.648817089924866
-1.14421407771885
-0.598639820418348
~
-0.839615966653806
-2.06508636003754
-0.833143231009435
-1.77494630876782
-0.706486534252109
-1.01575050760142
-0.228701265051433
-0.593461119654438
-0.977404590990318
-0.695715689429604
-1.22032668484954
-0.705719452539811
~
-0.844957537598432
-2.11580601995275
-0.834159019634216
-1.82047424808353
-0.706583614435367
-1.02704591227792
-0.275837301785858
-0.599519169127068
-1.03303958975718
-0.74434792125371
-1.27981462140987
-0.764056892643657
~
-0.849008573254706
-2.14715994037767
-0.83547059065414
-1.84830668143166
-0.706981681334722
-1.02890919907868
-0.291312276792338
-0.610996531014536
-1.05484292803423
-0.761250421602284
-1.30340900504808
-0.78479107640299
~
-0.856071928808653
-2.16837562940657
-0.839738887679297
-1.86691838499029
-0.708393358605412
-1.02966014495212
-0.297894005868515
-0.620341366454152
-1.06612558262781
-0.772086408040289
-1.31611070758889
-0.791192116800912
~
-0.85853362544506
-2.1791945314926
-0.839205546763562
-1.87820296244712
-0.709916078610172
-1.0314534638062
-0.297129276685155
-0.623555574619823
-1.06761052209842
-0.773310186906616
-1.31878758178914
-0.786875882121105
~
-0.87859314609402
-2.22091175652169
-0.860489072730983
-1.91532599617358
-0.724409725790345
-1.03943310571568
-0.306133445364123
-0.638035694304493
-1.09022402503746
-0.780880102707114
-1.34614895603187
-0.788468802384701
~
-0.863799801217761
-2.16553940448719
-0.848264818622382
-1.86555743274282
-0.719711252155158
-1.03280454422876
-0.238899122633973
-0.648778635506404
-1.00887294279544
-0.743695830737131
-1.10930526216707
-0.715429389190819
~
-0.841357081013825
-2.07246302693071
-0.830301627231277
-1.78671006022365
-0.710259485607666
-1.00073780775755
-0.164668240410039
-0.62010428672186
-0.894264170834464
-0.684516150432565
-1.22088652448416
-0.670876654397051
~
-0.825748866209801
-2.01866867103936
-0.81853519157808
-1.73874201050336
-0.70472069150791
-0.976536122225338
0.00881921628273461
-0.596348597455266
-0.715772080528623
-0.621505136090038
-0.823422327266695
-0.572062248767564
~
-0.813249994859482
-1.90558625756931
-0.810487234126583
-1.64395536209919
-0.711246671942536
-0.934741552512024
0.153540991886998
-0.565391985295488
-0.516191093144829
-0.583221344540661
-0.816036005663664
-0.539355416639775
~
-0.81288353639656
-1.81038406975383
-0.818566046590322
-1.55768852364365
-0.72221209008279
-0.895324631832974
0.36165423972545
-0.537543749713812
-0.264803033195249
-0.586085119326171
-0.481330591327129
-0.522440977307055
~
----
@Right hand swipe right
-0.819050462210238
-1.43999003591207
-0.819113373108985
-1.24587022897731
-0.7426694640673
-0.739765265599998
0.661101037607767
-0.59593091259438
0.113801944733218
-0.634971424261089
-0.0264091502881323
-0.539217530949627
~
-0.819464318963967
-1.43781452285778
-0.819122060301788
-1.24451042386571
-0.742882814830443
-0.737852212135016
0.659952155841644
-0.596637835342746
0.115390678059964
-0.636078797880085
-0.0248136091831649
-0.540046121737887
~
-0.819297770206191
-1.43840170206603
-0.818876193407181
-1.24401971793189
-0.7426343168454
-0.736921265548253
0.659159544906346
-0.595846387546302
0.116565431966274
-0.636781412477401
-0.0233572789664144
-0.540262302212954
~
-0.819005100580023
-1.43770979691884
-0.819346090291523
-1.24124384848524
-0.74132437574604
-0.734826103453527
0.657554709824713
-0.594920282998426
0.112740827606059
-0.633371451085466
-0.0262524533651194
-0.536597035031075
~
-0.819683276931677
-1.44016194864927
-0.820678820193815
-1.24177709095282
-0.740611119027898
-0.73560805732271
0.657417515298315
-0.595957088055889
0.109303707508734
-0.632539772707787
-0.0295257625724646
-0.535600774388686
~
-0.824677247700491
-1.43721139854031
-0.823202234033945
-1.23978696773812
-0.740726468369327
-0.733415014359623
0.656868578087814
-0.59319958977805
0.108492147904885
-0.630755230557044
-0.0299412259696876
-0.533586624221495
~
-0.826866276107061
-1.43665359485337
-0.824417908339761
-1.23932504965893
-0.739923860792562
-0.733479331140992
0.657875049656402
-0.593244341567155
0.110667301415201
-0.631746694640916
-0.0279495267330092
-0.535054513555808
~
-0.829147912462241
-1.4340058840842
-0.82458807850393
-1.23905561274596
-0.739435057367565
-0.733397240644061
0.657441455564253
-0.593016219122025
0.112630812810674
-0.628940800861395
-0.0222154800088204
-0.527852999749148
~
-0.830472217954709
-1.43377534380825
-0.825660172002191
-1.23939422052356
-0.739959946044983
-0.733484503622653
0.657250408279484
-0.593168254208797
0.12751018539533
-0.629292820737503
0.00314118318416397
-0.518180859780154
~
-0.831401725016268
-1.43016729527041
-0.824938661240164
-1.23892953344389
-0.739923646578922
-0.733003192410632
0.653508799554622
-0.59537648531718
0.15430313500486
-0.621961505639637
0.056877879429784
-0.503348814369388
~
-0.836473887806854
-1.431190244966
-0.828535660188567
-1.24184044649691
-0.742435769948961
-0.735915324285814
0.660369733731277
-0.601506064256383
0.254248505534953
-0.619177623780914
0.220158648920944
-0.512988694539946
~
-0.843592478750881
-1.45348330184476
-0.835324992443268
-1.26348019863937
-0.747556275775965
-0.753168787734532
0.696608717779218
-0.612442099225879
0.361437924597989
-0.618823412156383
0.289821539310763
-0.499610861198529
~
-0.852490895566943
-1.48181368344561
-0.846286964099422
-1.28908702860107
-0.753342854563547
-0.773792165740461
0.862277355105278
-0.571618275824073
0.548132576426832
-0.54913965966884
0.607681439075329
-0.39226216995805
~
-0.860071119500699
-1.49345764612609
-0.854313405595167
-1.30191546512596
-0.757641058920653
-0.780355196722506
0.78661540051008
-0.616755309305246
0.778741118791995
-0.436502341318079
0.807382420661778
-0.269758592697172
~
-0.864476086507817
-1.49626351428873
-0.85870850429691
-1.30582857588704
-0.761190733908222
-0.779377050007644
0.86541113836144
-0.631961242288657
1.03380118834763
-0.383330330173318
1.09508299552554
-0.232010024144859
~
-0.866087967217989
-1.49307239241762
-0.860161149006422
-1.30352907720329
-0.762830314534337
-0.776912237440875
0.842869533360675
-0.540959113117751
1.13339057927004
-0.46430584537092
1.24033790044452
-0.326259746001385
~
-0.860849102236618
-1.48238938309688
-0.855046778289587
-1.29430010623036
-0.758866713438152
-0.771984152356583
0.871577937528003
-0.497754087789434
1.27800488980064
-0.464546335563195
1.4334184724753
-0.316525468194128
~
-0.857811479133227
-1.47473596940218
-0.853024379374457
-1.2867860240606
-0.757381589287613
-0.768446352074303
1.01521811275152
-0.519143885031938
1.45765527422873
-0.455464052380524
1.60668257547901
-0.320669592535471
~
-0.838801190863256
-1.38980824545432
-0.850746143867207
-1.28316396974314
-0.756146630618165
-0.767237050124051
1.05378657106479
-0.517334495874489
1.55817063109662
-0.470665732650218
1.79683009408393
-0.353638508357621
~
-0.838489330590414
-1.38894246115908
-0.850625890370473
-1.28424075843634
-0.756516810005722
-0.766761277830636
1.08882863969916
-0.510072544212007
1.6377206580837
-0.524658055014626
1.89174842589427
-0.430154079823745
~
-0.838757261265131
-1.38991977626547
-0.850686471167948
-1.28671808435349
-0.756713663352672
-0.766346947628792
1.10270681670361
-0.506708729732226
1.67208729951614
-0.569665430761379
1.8496375204228
-0.496816740027104
~
-0.838122506937638
-1.39029463659443
-0.850651553484645
-1.28879210852013
-0.756261951740213
-0.76700180340355
1.11358718387162
-0.510325435719494
1.6888787389745
-0.6001759473306
1.85766469045057
-0.534447702783443
~
-0.837993313854388
-1.39065567152105
-0.851162584228652
-1.29088400090744
-0.756720330467804
-0.767363097505636
1.11781191768019
-0.513839914077464
1.69335855057337
-0.617576094470422
1.85434324996894
-0.554900590742457
~
-0.837678002095487
-1.39009585128981
-0.851446545246105
-1.29102611995683
-0.756997077166646
-0.76673783188139
1.11692993157084
-0.516235215687816
1.69108117273355
-0.623688509320767
1.85029329127374
-0.560710037487389
~
-0.838408577547012
-1.38858693603323
-0.852366830928582
-1.29013270094015
-0.758062044484527
-0.765674356702936
1.11269383649894
-0.517316120186993
1.68320296475223
-0.626070569503201
1.84179592025167
-0.563841521595338
~
-0.840030934809344
-1.38848317893233
-0.854425089983404
-1.2903575389693
-0.759294992870511
-0.765519196376603
1.10964311169179
-0.520083106343737
1.66893038961742
-0.623914927863905
1.83746288524836
-0.551927592145586
~
-0.843729016845886
-1.39054123327145
-0.856862115024048
-1.29204113676159
-0.761782923223661
-0.766027300719479
1.09624707920123
-0.522583857314838
1.63249911818119
-0.602372739316088
1.77291627694368
-0.504679039425323
~
-0.844108388056219
-1.38879094185444
-0.857078663160754
-1.29095665982467
-0.762360634900968
-0.764764150808003
1.0604056638781
-0.521089094864036
1.55650168442724
-0.564253598412603
1.66468336894626
-0.449749952115599
~
-0.843864261525881
-1.3903503407701
-0.857211205131929
-1.29112512155362
-0.763304190104304
-0.764729084076233
0.907476355618384
-0.496412538725453
1.37490435041945
-0.518986786119769
1.53717752071441
-0.390606735764376
~
-0.843228887849272
-1.39362295512446
-0.856112688384865
-1.29318608861754
-0.764104804419612
-0.765187358606791
0.889961857212248
-0.503298979090201
1.27091514829678
-0.488898534649455
1.3819767396021
-0.34752331498711
~
-0.843563115005945
-1.39809093752925
-0.854465905323816
-1.29785035177905
-0.764963008467461
-0.766524465762722
0.852191563828036
-0.524315877000816
1.16317767979463
-0.456257466814249
1.24487863583942
-0.293443077400295
~
-0.844337389779019
-1.40071163313339
-0.853843764692779
-1.30144508671881
-0.765845042274064
-0.767959661805994
0.82858946582011
-0.535036558687942
1.06216830474634
-0.438397147913463
1.10240388664469
-0.263829678555842
~
-0.844216744583135
-1.40112579553755
-0.853090339264657
-1.29868054663074
-0.766655751100514
-0.765693219266232
0.71266656289406
-0.601874796731857
0.91117659696567
-0.446265673501843
0.920798586878375
-0.265870688713174
~
----
@Left hand swipe left
-0.0693474940729586
-0.687087239154951
-0.21741438802835
-0.696514215258493
-0.763941129924971
-0.595314311412227
0.717617381694765
-0.787119353396236
0.746438801850662
-1.35383061124845
0.734817647001446
-1.53805032940934
~
-0.087078274388992
-0.666838184322623
-0.22440238814891
-0.706302359414595
-0.762854776143683
-0.596441344470795
0.717403891524495
-0.78700715822088
0.745960019044667
-1.35367973246517
0.73340600716173
-1.53936832167086
~
-0.103536657470479
-0.65534284669797
-0.234388610841389
-0.719945023797179
-0.761394005249766
-0.598299405536094
0.716663818207812
-0.786349696686797
0.74509987878915
-1.35238211196182
0.732257136479064
-1.53890699285382
~
-0.115077026271225
-0.656017247190477
-0.243366796929137
-0.729099568145876
-0.760182556906304
-0.599894530100741
0.717214709101321
-0.786529852291307
0.745309791424048
-1.35263277743978
0.732523728155306
-1.53986204663035
~
-0.117124155262429
-0.659055024023706
-0.245251717470661
-0.731822181502277
-0.740177919712447
-0.619545565587288
0.717258958132635
-0.786077792053178
0.745065053951092
-1.35210205076519
0.732189631590332
-1.53930956884818
~
-0.159847292907355
-0.685578294361835
-0.312791465469437
-0.742031872638476
-0.748023500011232
-0.605190079122311
0.716334806666113
-0.785934189935171
0.744273760866982
-1.35173370093946
0.730840096346345
-1.53918344219464
~
-0.162664035372248
-0.686314712632204
-0.316441676586084
-0.742909076499055
-0.750879106535218
-0.597833068463728
0.716755447394196
-0.785830572398413
0.744532991422199
-1.35179588536837
0.730214714137384
-1.54030602182661
~
-0.162628679177913
-0.686685069806403
-0.316458803737474
-0.743377976186679
-0.747115913368518
-0.603267737409781
0.716208768168959
-0.785402677485469
0.743806380158309
-1.35137045635042
0.729813033187746
-1.54085359821361
~
-0.163639567029511
-0.685361239466161
-0.317591794497001
-0.744138929388098
-0.740536345008668
-0.615957304460873
0.716176866230746
-0.785573601588115
0.74383452700155
-1.35189929370657
0.729382550387324
-1.54190771656704
~
-0.18728641495985
-0.662368516871778
-0.365469823867671
-0.733319448427689
-0.745225655650508
-0.620751798446017
0.716707193182294
-0.786320183916879
0.744645092731766
-1.35386487417483
0.7298082171445
-1.54424860527757
~
-0.302456970687127
-0.537463101674325
-0.356264738566206
-0.652309883659567
-0.717574173648863
-0.709855056195137
0.718561511018199
-0.790297440535654
0.747373573551364
-1.35991801741854
0.732714107222167
-1.55056423477084
~
-0.503306789676443
-0.56024235910445
-0.494247862121845
-0.700423418708958
-0.707020653625233
-0.601714855635118
0.721342363026431
-0.795705030436553
0.750729563804544
-1.36751359429933
0.735554600258722
-1.56226824280622
~
-0.876967715552343
-0.601777299505676
-0.867507459440883
-0.592009918773984
-0.83912659710555
-0.562707788329029
0.721342742480635
-0.795001174063373
0.75178363574485
-1.36573867672027
0.736442820889862
-1.56282455701401
~
-1.11464817013874
-0.35302604218269
-1.06333274901068
-0.485278832993003
-0.905969615771524
-0.559755666370657
0.723141545047707
-0.797372963149542
0.754557008730117
-1.36981448022481
0.739188113734796
-1.56507886427467
~
-1.33179906593081
-0.334927566337086
-1.24438351879618
-0.448365476148333
-0.966333138439097
-0.536102114972049
0.725610883372868
-0.805847598976399
0.758336206304768
-1.38023024610634
0.742598367440791
-1.56838156715014
~
-1.47021710005268
-0.306047936463822
-1.39071017747634
-0.40169477900081
-1.07407345468075
-0.539028555125968
0.728047488922121
-0.810140642578656
0.762094564948746
-1.38639722178157
0.745977371668089
-1.57165114960692
~
-1.57608276146093
-0.284799552600559
-1.49550104823172
-0.38376076024395
-1.11333850695819
-0.539958419252688
0.733417404508722
-0.814741139917666
0.767667104544411
-1.39329398812759
0.749383019808762
-1.57231327180982
~
-1.64740394870314
-0.309162457089828
-1.58934697752396
-0.418088266310726
-1.14382255955674
-0.539957303267977
0.738153896989447
-0.819977818531202
0.772468557321984
-1.40206259525882
0.752979719668177
-1.57391385307696
~
-1.71060097921487
-0.38603409026667
-1.63885988795237
-0.477350179984696
-1.14428620964885
-0.53467412545472
0.734638758710189
-0.81359071257376
0.768948765069501
-1.39352852206435
0.748762489667873
-1.56290072679645
~
-1.75749274532009
-0.463967584207723
-1.67370632004383
-0.536678893128275
-1.14788829226092
-0.529619919921286
0.733879020634698
-0.811668098697021
0.76799594568731
-1.39226315623023
0.746912334674262
-1.55987963158646
~
-1.77899962494401
-0.519867916850212
-1.68877538275707
-0.585351103487897
-1.14997623572662
-0.527385725924318
0.729712272840795
-0.806395800750692
0.763102968766139
-1.38647253929338
0.745236076122467
-1.55369143904222
~
-1.78056122663523
-0.545050702197587
-1.68992230386207
-0.610570141317904
-1.15091170808445
-0.530622692104808
0.726908341235369
-0.802536261943898
0.758211403459322
-1.38371808657399
0.744523021948699
-1.55132272782899
~
-1.77690881539971
-0.551296112189746
-1.68080783631145
-0.62025549828234
-1.14590531733437
-0.537513193633533
0.727146472365206
-0.801429652611432
0.758628653440269
-1.38317088823478
0.744470362665159
-1.54208475267378
~
-1.76599994800617
-0.543968904523608
-1.66696838589742
-0.621728607051048
-1.14096002992672
-0.541415637581562
0.726705529314318
-0.800166582020484
0.758636536453097
-1.38314736441211
0.744341076539263
-1.5424911706234
~
-1.73521939361088
-0.50916610126169
-1.64360227482332
-0.601323801411235
-1.13370030327259
-0.544609276078831
0.726591825615219
-0.799480775398233
0.759414725886585
-1.38323526191917
0.744898651828196
-1.54239727779291
~
-1.67131465825859
-0.40868464190855
-1.60244970688649
-0.52808260020013
-1.12753685906121
-0.54833968314544
0.727696045065777
-0.799559243136953
0.760271814666504
-1.3847441509931
0.745388014954411
-1.54280897943487
~
-1.62368681544941
-0.331045229506217
-1.54638904004941
-0.432041760808889
-1.12527793639378
-0.552282713141117
0.729414151175631
-0.800718231554885
0.762374825161145
-1.38763514868547
0.748217284535602
-1.54314111916109
~
-1.54183036384397
-0.274136607881346
-1.47451168964924
-0.36544423473265
-1.11430698972158
-0.548471875159302
0.731055806549019
-0.802903165149273
0.764771191603236
-1.39145789563822
0.750525518951986
-1.54648070696025
~
-1.44071118363666
-0.224565984893581
-1.36002230103835
-0.341963783480596
-1.0739736450841
-0.542244608381023
0.731761765832018
-0.804320603886262
0.766086768935471
-1.39224778388332
0.751122731587838
-1.54997981602078
~
-1.25202045732778
-0.218715722949619
-1.20902230146426
-0.354118778580556
-0.999572400477157
-0.538784411762551
0.73212633332265
-0.804810219727352
0.767123482569673
-1.39354833518663
0.751950265310664
-1.5550841052006
~
-1.04700060289414
-0.219676664872922
-1.07414865429631
-0.363593148747664
-0.958440269810521
-0.551791299703989
0.732217321539315
-0.805530297825078
0.766767607099238
-1.39490227377534
0.751936605429654
-1.55928083254648
~
-0.896451351504042
-0.263650258927712
-0.927847852883538
-0.428410207163064
-0.928693890596664
-0.561222911618212
0.73013927214267
-0.805290413446025
0.763264178355613
-1.39383472141265
0.748780632779501
-1.55910033315078
~
-0.778428267041958
-0.152582638982722
-0.787896789250099
-0.281425033838047
-0.816302403549909
-0.667952266079409
0.729927430192482
-0.806955090049291
0.762229553727108
-1.39709155064097
0.748574560591184
-1.56293280960681
~
----
@Left hand swipe right
-0.744596605946601
-0.0670678407837355
-0.69768709622528
-0.214624188742358
-0.797307122016689
-0.853081323497741
0.684211392799254
-0.791870239194319
0.746454772209859
-1.4975583735898
0.868231109034907
-1.40271801267245
~
-0.764127521433938
-0.0709878823098603
-0.714541575120134
-0.219519720634728
-0.804621954006036
-0.857059657117618
0.684589648463985
-0.791385849672919
0.748318878761691
-1.4964753473222
0.869398767480001
-1.40157765572849
~
-0.773610214457434
-0.0559227639358487
-0.724164768090662
-0.205364349680125
-0.814165159859989
-0.854769848607968
0.685626578735951
-0.791081395756052
0.750587647758723
-1.4966921063842
0.871324705122457
-1.40164734667824
~
-0.779283335321257
-0.0547682810457942
-0.728070616655431
-0.203558195721587
-0.823025341474309
-0.859210091929302
0.685810104565324
-0.790660632458493
0.751174024605394
-1.49628892779926
0.87185621780016
-1.40191595641491
~
-0.786478547526363
-0.0525736293642781
-0.735441413457984
-0.200275108070574
-0.828059380406487
-0.860852131334355
0.68610017050326
-0.790132663348475
0.752487301758253
-1.49562212810428
0.87299306376896
-1.40132542244356
~
-0.806139675675931
-0.0528019067016127
-0.752933759539987
-0.198704738196549
-0.83185776195277
-0.86169127666293
0.686857070205703
-0.789852615992211
0.753094475380897
-1.49549580944448
0.873511344932171
-1.40128651082189
~
-0.811147923345261
-0.0416648222379312
-0.758362830563066
-0.187752913068371
-0.837023790590476
-0.857044132164313
0.687507727408064
-0.789751865434584
0.75336115590141
-1.49568773005483
0.873647247527476
-1.40146233930432
~
-0.813394131125663
-0.0458573594194066
-0.75895794527198
-0.194362626966216
-0.843070501195893
-0.84967705824742
0.687777334601516
-0.789730075053989
0.754149813131727
-1.49592779981565
0.874245114913473
-1.40160113961501
~
-0.78065593219219
0.0154693069887978
-0.732631220466089
-0.145672247401643
-0.829545693633761
-0.814537606404191
0.687552487495701
-0.789617286888368
0.754354685134627
-1.49588517751165
0.874211864432155
-1.4015094910069
~
-0.746810610836658
0.0849791874818955
-0.705025973489511
-0.0841636661029704
-0.797495450516643
-0.768293432778924
0.68181369642117
-0.787670312569706
0.749679674561249
-1.49137909582064
0.86857418303314
-1.39715643380861
~
-0.657527758078023
0.106910113344015
-0.611039243778993
-0.0643898368575715
-0.769499131885458
-0.73381445619914
0.683804951087147
-0.793377657894078
0.751735587253676
-1.49991033901854
0.870754792410876
-1.40509203686638
~
-0.42128350397253
0.0861458785349545
-0.441472303178868
-0.0984486316586733
-0.740708813403094
-0.715249767348954
0.684529554594709
-0.813549308076317
0.752674943595337
-1.53011254573995
0.873118287305641
-1.43390046166773
~
-0.217128566562679
-0.153321695540852
-0.264905259725202
-0.325828950899831
-0.709110698902806
-0.613447300669847
0.683380930348967
-0.822453054604705
0.750378241548359
-1.53705016911637
0.870812672163864
-1.44079910408316
~
-0.120602644231172
-0.146411295250264
-0.181461130774385
-0.271757799206106
-0.677825290023478
-0.559572456844055
0.673206709605225
-0.793806444064809
0.736379669388207
-1.47565983546749
0.851896646663478
-1.3833339196094
~
-0.00805875659120603
-0.177592367329971
-0.114664825863547
-0.326995366423072
-0.697777207234901
-0.560993257224933
0.675733835076437
-0.799714911939723
0.738587449904011
-1.47958207894343
0.854641503339486
-1.38726472839964
~
0.0550476333953381
-0.233279139417059
-0.0266027169964866
-0.368211664990463
-0.704139415512312
-0.567257440370762
0.675906945065869
-0.807201251963121
0.738370904566408
-1.4929026782293
0.856069029302442
-1.39937960775053
~
0.148125133861761
-0.226961629434894
-0.00988094737450636
-0.338650422159958
-0.684144298995456
-0.521559748777467
0.621899498827314
-0.764435834550263
0.67911975084815
-1.42362809895674
0.793130461225307
-1.33277851155125
~
0.332272756800817
-0.259373448183801
0.231610076231194
-0.353148137594334
-0.513072005385567
-0.546592880451759
0.671173778484457
-0.839220108546758
0.733233454628874
-1.53438008566373
0.852990715499297
-1.43853985564145
~
0.500174366559824
-0.298651204483845
0.290410740058078
-0.410042650731472
-0.555807981818584
-0.644752386211963
0.707032609478938
-0.90517038507736
0.76946924503076
-1.64536925467706
0.896306963022302
-1.54008428622284
~
0.630650446592884
-0.369276173728492
0.399668322808613
-0.449843363888745
-0.601184428558071
-0.654552639470065
0.721981697563911
-0.958195887256878
0.790402772744233
-1.7066650931618
0.91722279190931
-1.59489084762276
~
0.701660351278653
-0.42845588345462
0.439240904511991
-0.479730949580988
-0.500673352920038
-0.65818839028001
0.731017073148025
-0.997729096384475
0.8072775007931
-1.75412597690986
0.934487066728584
-1.63873709918615
~
1.13822761110406
-0.325005635994557
0.852781306599992
-0.397131386005397
-0.00355768682998938
-0.61350868931644
0.734895004371526
-1.0156225497884
0.813953622454778
-1.78664299147339
0.941324248041879
-1.66263056459885
~
0.731237598096093
-0.472189147873974
0.712834663505195
-0.441800896349099
-0.145247614697579
-0.654125838954427
0.738250630022031
-1.02671527712885
0.816246363739832
-1.80180010069568
0.943866542138818
-1.67488638413923
~
0.731786150069177
-0.473456717586457
0.711146482161956
-0.444641291855637
-0.145718834619308
-0.652583556395716
0.739823001725585
-1.02835111154198
0.816639450907897
-1.80332492397926
0.94402208241871
-1.6752623269669
~
1.1543208242714
-0.292598283863559
0.904299670263698
-0.343250404682195
0.0639065041522392
-0.624000677426296
0.744883478796025
-1.03110158920036
0.822147121559081
-1.80821300109647
0.94997952069214
-1.68078259908556
~
0.966197635833499
-0.30229507663869
0.725560375164723
-0.38120177520259
-0.126679383461855
-0.593989581521543
0.74491597280994
-1.01143052496844
0.822399395178275
-1.78025341049604
0.949714153631755
-1.65703055113368
~
0.867260264328963
-0.25017677847406
0.64788044010394
-0.349574335553311
-0.149147650688987
-0.554342107975878
0.733006549634086
-0.969699092027469
0.802377626622983
-1.70173076944748
0.925179471112543
-1.58830232560739
~
0.662707097414224
-0.193344857929415
0.446412779660604
-0.279463157737322
-0.285904341413137
-0.571086331969972
0.712802391213091
-0.929002964714389
0.779165643992506
-1.64310212252275
0.900735468996221
-1.53568829880235
~
0.357445964303486
-0.228997626058053
0.178987503063805
-0.328099061865455
-0.482138100898799
-0.528237853469061
0.67232424326094
-0.868936606242225
0.731489905140099
-1.54552748559111
0.847879482354306
-1.4445060588453
~
0.306383621599745
-0.220716013596381
0.0385553175787725
-0.301479344885407
-0.764929501904768
-0.543769385042172
0.672752290808876
-0.840478612301348
0.727386620808469
-1.50502178569695
0.843385801435933
-1.4059691209598
~
-0.0869068238200709
-0.416682576036493
-0.256011941994259
-0.449157408631737
-0.763327296516823
-0.546581883470299
0.670802891158115
-0.828889490471064
0.726916152563663
-1.48597116823131
0.842633306829718
-1.38838957413132
~
-0.100031829044996
-0.330195037375238
-0.264241075903418
-0.3935917643178
-0.756868793429735
-0.583781922096539
0.671578471368335
-0.825720791155493
0.727144917970396
-1.48476153447312
0.844466729928533
-1.3871328347003
~
-0.205638561688754
-0.348060803417278
-0.355034147691134
-0.420969966526632
-0.803220882329864
-0.639697444170487
0.677225091491891
-0.826439210095638
0.732292192085636
-1.49427923210059
0.852482147851104
-1.39539477110253
~
----